1 0.421667 0.578333 0.130000 0.143333
1 0.400000 0.781667 0.153333 0.116667
1 0.481667 0.690000 0.163333 0.100000
1 0.576667 0.623333 0.073333 0.060000
1 0.636667 0.525000 0.080000 0.090000
1 0.533333 0.533333 0.073333 0.066667
1 0.581667 0.475000 0.076667 0.063333
1 0.555000 0.408333 0.150000 0.123333
1 0.695000 0.443333 0.096667 0.100000
1 0.743333 0.331667 0.160000 0.076667
1 0.513333 0.300000 0.080000 0.073333
1 0.611667 0.161667 0.083333 0.090000
1 0.543333 0.175000 0.080000 0.076667
1 0.606667 0.116667 0.093333 0.086667
1 0.503333 0.041667 0.066667 0.056667