1 0.216667 0.136667 0.120000 0.093333
1 0.146667 0.160000 0.120000 0.093333
1 0.153333 0.058333 0.146667 0.110000
1 0.533333 0.410000 0.073333 0.086667
1 0.598333 0.410000 0.063333 0.100000
1 0.646667 0.405000 0.060000 0.070000
1 0.323333 0.388333 0.093333 0.076667
1 0.696667 0.543333 0.153333 0.126667
1 0.623333 0.715000 0.093333 0.136667
1 0.658333 0.668333 0.103333 0.063333
1 0.508333 0.540000 0.090000 0.126667
1 0.761667 0.646667 0.083333 0.066667
1 0.813333 0.756667 0.053333 0.093333
1 0.850000 0.710000 0.040000 0.033333
1 0.880000 0.831667 0.086667 0.090000