1 0.185000 0.330000 0.090000 0.113333
1 0.343333 0.645000 0.093333 0.096667
1 0.361667 0.760000 0.083333 0.073333
1 0.358333 0.848333 0.090000 0.103333
1 0.481667 0.850000 0.110000 0.153333
1 0.315000 0.100000 0.070000 0.113333
1 0.488333 0.070000 0.070000 0.093333
1 0.498333 0.435000 0.083333 0.150000
1 0.463333 0.270000 0.086667 0.120000
1 0.736667 0.058333 0.100000 0.110000
1 0.773333 0.323333 0.073333 0.126667
1 0.715000 0.465000 0.103333 0.136667
1 0.910000 0.738333 0.093333 0.136667
1 0.940000 0.586667 0.113333 0.160000
1 0.960000 0.446667 0.080000 0.140000
1 0.910000 0.320000 0.073333 0.133333
1 0.945000 0.216667 0.103333 0.160000