2 0.530000 0.618333 0.146667 0.090000
2 0.283333 0.488333 0.113333 0.056667
2 0.383333 0.641667 0.060000 0.036667
2 0.125000 0.251667 0.083333 0.050000
2 0.256667 0.283333 0.046667 0.033333
2 0.448333 0.331667 0.156667 0.056667
2 0.185000 0.586667 0.050000 0.033333
2 0.105000 0.540000 0.043333 0.026667
2 0.111667 0.400000 0.043333 0.033333
2 0.025000 0.280000 0.043333 0.026667
2 0.621667 0.801667 0.050000 0.043333
2 0.338333 0.198333 0.023333 0.016667
2 0.390000 0.253333 0.033333 0.020000
2 0.828333 0.595000 0.036667 0.030000
2 0.898333 0.743333 0.043333 0.026667
2 0.731667 0.633333 0.043333 0.026667
2 0.521667 0.470000 0.043333 0.033333
2 0.913333 0.903333 0.046667 0.026667
2 0.953333 0.858333 0.026667 0.023333
2 0.941667 0.733333 0.036667 0.026667
2 0.493333 0.286667 0.033333 0.020000
2 0.391667 0.058333 0.036667 0.030000
2 0.390000 0.023333 0.040000 0.026667
2 0.240000 0.118333 0.026667 0.023333
2 0.330000 0.156667 0.040000 0.026667
2 0.298333 0.043333 0.030000 0.020000
2 0.255000 0.201667 0.030000 0.023333
2 0.355000 0.215000 0.023333 0.016667
2 0.386667 0.158333 0.053333 0.023333
2 0.485000 0.865000 0.063333 0.023333
2 0.120000 0.655000 0.040000 0.030000
2 0.443333 0.270000 0.040000 0.020000
2 0.563333 0.230000 0.033333 0.020000
2 0.898333 0.831667 0.036667 0.030000
2 0.018333 0.475000 0.030000 0.023333
2 0.261667 0.235000 0.036667 0.023333
2 0.425000 0.183333 0.030000 0.026667
2 0.511667 0.088333 0.030000 0.030000