2 0.363333 0.613333 0.093333 0.053333
2 0.328333 0.793333 0.056667 0.033333
2 0.420000 0.760000 0.053333 0.033333
2 0.491667 0.948333 0.050000 0.043333
2 0.575000 0.775000 0.036667 0.036667
2 0.605000 0.790000 0.050000 0.033333
2 0.433333 0.673333 0.073333 0.040000
2 0.350000 0.525000 0.073333 0.056667
2 0.533333 0.556667 0.053333 0.040000
2 0.356667 0.241667 0.073333 0.036667
2 0.495000 0.388333 0.056667 0.030000
2 0.611667 0.291667 0.050000 0.030000
2 0.326667 0.133333 0.060000 0.033333
2 0.408333 0.388333 0.056667 0.030000
2 0.428333 0.453333 0.056667 0.026667
2 0.463333 0.283333 0.046667 0.026667
2 0.515000 0.265000 0.043333 0.023333
2 0.443333 0.425000 0.046667 0.030000
2 0.515000 0.713333 0.036667 0.020000
2 0.518333 0.731667 0.023333 0.023333
2 0.600000 0.916667 0.053333 0.026667
2 0.516667 0.475000 0.040000 0.016667
2 0.498333 0.448333 0.056667 0.030000
2 0.673333 0.680000 0.040000 0.026667
2 0.756667 0.763333 0.046667 0.033333
2 0.540000 0.865000 0.060000 0.050000
2 0.626667 0.993333 0.033333 0.013333
2 0.290000 0.386667 0.033333 0.033333