2 0.488333 0.435000 0.116667 0.076667
2 0.485000 0.595000 0.096667 0.056667
2 0.765000 0.833333 0.076667 0.040000
2 0.728333 0.486667 0.063333 0.046667
2 0.865000 0.773333 0.043333 0.033333
2 0.841667 0.826667 0.070000 0.046667
2 0.678333 0.913333 0.170000 0.086667
2 0.291667 0.740000 0.056667 0.033333
2 0.206667 0.075000 0.066667 0.036667
2 0.406667 0.020000 0.073333 0.033333
2 0.270000 0.441667 0.093333 0.056667
2 0.058333 0.588333 0.036667 0.036667
2 0.125000 0.803333 0.036667 0.040000
2 0.148333 0.415000 0.063333 0.043333
2 0.520000 0.241667 0.060000 0.043333
2 0.425000 0.333333 0.056667 0.033333
2 0.276667 0.081667 0.066667 0.043333
2 0.100000 0.075000 0.066667 0.043333
2 0.138333 0.656667 0.056667 0.033333
2 0.251667 0.681667 0.050000 0.030000
2 0.293333 0.700000 0.060000 0.033333
2 0.115000 0.735000 0.043333 0.036667
2 0.413333 0.595000 0.066667 0.050000
2 0.235000 0.138333 0.050000 0.043333
2 0.190000 0.170000 0.073333 0.040000
2 0.135000 0.115000 0.063333 0.030000
2 0.760000 0.666667 0.066667 0.040000
2 0.608333 0.538333 0.076667 0.043333
2 0.591667 0.458333 0.070000 0.043333
2 0.670000 0.461667 0.046667 0.036667
2 0.603333 0.296667 0.066667 0.040000
2 0.023333 0.400000 0.040000 0.060000
2 0.050000 0.531667 0.040000 0.030000
2 0.568333 0.061667 0.083333 0.050000
2 0.656667 0.075000 0.093333 0.050000
2 0.373333 0.100000 0.080000 0.046667
2 0.765000 0.046667 0.056667 0.040000
2 0.620000 0.118333 0.086667 0.050000
2 0.455000 0.098333 0.076667 0.063333
2 0.708333 0.576667 0.043333 0.033333
2 0.690000 0.635000 0.046667 0.036667
2 0.226667 0.581667 0.046667 0.043333
2 0.266667 0.568333 0.046667 0.043333
2 0.090000 0.576667 0.046667 0.040000
2 0.098333 0.535000 0.056667 0.043333
2 0.325000 0.556667 0.056667 0.046667
2 0.263333 0.520000 0.060000 0.046667
2 0.578333 0.353333 0.083333 0.046667
2 0.590000 0.393333 0.033333 0.046667
2 0.383333 0.401667 0.073333 0.050000
2 0.661667 0.320000 0.056667 0.026667
2 0.666667 0.346667 0.060000 0.026667
2 0.648333 0.366667 0.050000 0.040000
2 0.141667 0.038333 0.063333 0.036667