2 0.158333 0.126667 0.123333 0.053333
2 0.255000 0.383333 0.103333 0.060000
2 0.295000 0.303333 0.083333 0.046667
2 0.360000 0.373333 0.086667 0.046667
2 0.451667 0.538333 0.136667 0.063333
2 0.461667 0.675000 0.150000 0.063333
2 0.515000 0.616667 0.116667 0.046667
2 0.663333 0.483333 0.153333 0.073333
2 0.815000 0.653333 0.116667 0.073333
2 0.058333 0.741667 0.056667 0.050000
2 0.121667 0.521667 0.063333 0.050000
2 0.370000 0.743333 0.066667 0.046667
2 0.440000 0.821667 0.060000 0.043333
2 0.630000 0.743333 0.100000 0.060000
2 0.771667 0.776667 0.076667 0.060000
2 0.911667 0.691667 0.056667 0.043333
2 0.781667 0.873333 0.090000 0.060000
2 0.876667 0.858333 0.106667 0.063333
2 0.936667 0.835000 0.080000 0.056667
2 0.566667 0.896667 0.106667 0.060000
2 0.663333 0.888333 0.073333 0.043333
2 0.523333 0.871667 0.053333 0.030000
2 0.936667 0.923333 0.060000 0.033333
2 0.870000 0.983333 0.126667 0.026667
2 0.363333 0.851667 0.053333 0.030000
2 0.371667 0.883333 0.043333 0.046667
2 0.313333 0.843333 0.046667 0.033333
2 0.011667 0.848333 0.016667 0.063333
2 0.016667 0.273333 0.026667 0.086667
2 0.118333 0.311667 0.043333 0.030000
2 0.175000 0.363333 0.056667 0.040000
2 0.493333 0.280000 0.066667 0.053333
2 0.510000 0.191667 0.113333 0.076667
2 0.205000 0.188333 0.070000 0.050000
2 0.345000 0.091667 0.083333 0.056667
2 0.420000 0.140000 0.106667 0.073333
2 0.605000 0.113333 0.103333 0.066667
2 0.563333 0.055000 0.106667 0.070000
2 0.536667 0.016667 0.073333 0.026667
2 0.181667 0.018333 0.083333 0.030000
2 0.078333 0.220000 0.056667 0.040000
2 0.033333 0.098333 0.053333 0.036667
2 0.055000 0.081667 0.030000 0.023333
2 0.088333 0.156667 0.050000 0.033333
2 0.240000 0.113333 0.040000 0.040000
2 0.405000 0.411667 0.090000 0.056667
2 0.530000 0.406667 0.066667 0.053333
2 0.526667 0.460000 0.073333 0.046667
2 0.411667 0.581667 0.050000 0.043333
2 0.621667 0.585000 0.070000 0.050000
2 0.631667 0.561667 0.063333 0.036667
2 0.680000 0.551667 0.106667 0.090000
2 0.741667 0.186667 0.050000 0.046667
2 0.760000 0.226667 0.046667 0.040000
2 0.758333 0.263333 0.070000 0.033333
2 0.783333 0.303333 0.053333 0.046667
2 0.916667 0.018333 0.046667 0.030000
2 0.936667 0.011667 0.053333 0.016667