2 0.355000 0.140000 0.110000 0.120000
2 0.158333 0.433333 0.103333 0.126667
2 0.045000 0.726667 0.063333 0.100000
2 0.100000 0.703333 0.066667 0.060000
2 0.325000 0.690000 0.090000 0.126667
2 0.233333 0.908333 0.086667 0.090000
2 0.205000 0.815000 0.076667 0.063333
2 0.615000 0.930000 0.083333 0.126667
2 0.756667 0.878333 0.106667 0.116667
2 0.465000 0.525000 0.110000 0.136667
2 0.545000 0.545000 0.083333 0.070000
2 0.621667 0.608333 0.090000 0.110000
2 0.451667 0.665000 0.063333 0.056667
2 0.506667 0.651667 0.060000 0.063333
2 0.728333 0.656667 0.070000 0.073333
2 0.705000 0.501667 0.083333 0.110000
2 0.926667 0.501667 0.080000 0.143333
2 0.711667 0.363333 0.070000 0.086667
2 0.723333 0.190000 0.106667 0.133333
2 0.571667 0.276667 0.096667 0.100000
2 0.548333 0.186667 0.070000 0.100000
2 0.355000 0.296667 0.056667 0.073333
2 0.206667 0.210000 0.046667 0.053333
2 0.483333 0.965000 0.080000 0.070000
2 0.890000 0.931667 0.046667 0.090000
2 0.060000 0.948333 0.060000 0.056667
2 0.070000 0.161667 0.046667 0.056667
2 0.260000 0.463333 0.053333 0.046667
2 0.290000 0.353333 0.080000 0.046667
2 0.495000 0.120000 0.083333 0.060000
2 0.533333 0.018333 0.046667 0.030000
2 0.688333 0.015000 0.050000 0.023333
2 0.656667 0.030000 0.046667 0.040000
2 0.115000 0.168333 0.056667 0.043333
2 0.220000 0.173333 0.053333 0.046667