2 0.303333 0.548333 0.120000 0.063333
2 0.075000 0.728333 0.063333 0.050000
2 0.343333 0.843333 0.060000 0.053333
2 0.456667 0.618333 0.086667 0.056667
2 0.348333 0.641667 0.076667 0.036667
2 0.693333 0.325000 0.106667 0.063333
2 0.648333 0.360000 0.070000 0.046667
2 0.648333 0.433333 0.090000 0.053333
2 0.565000 0.160000 0.103333 0.060000
2 0.675000 0.135000 0.090000 0.043333
2 0.681667 0.096667 0.076667 0.053333
2 0.916667 0.133333 0.113333 0.073333
2 0.646667 0.793333 0.080000 0.066667
2 0.760000 0.820000 0.080000 0.060000
2 0.805000 0.740000 0.090000 0.066667
2 0.848333 0.501667 0.063333 0.043333
2 0.495000 0.351667 0.070000 0.050000
2 0.271667 0.105000 0.070000 0.056667
2 0.468333 0.058333 0.076667 0.056667
2 0.975000 0.438333 0.050000 0.083333
2 0.811667 0.196667 0.083333 0.073333