2 0.620000 0.503333 0.273333 0.180000
2 0.703333 0.673333 0.293333 0.206667
2 0.053333 0.638333 0.073333 0.063333
2 0.370000 0.486667 0.140000 0.106667
2 0.375000 0.293333 0.156667 0.113333
2 0.565000 0.243333 0.156667 0.126667
2 0.780000 0.388333 0.093333 0.076667
2 0.653333 0.965000 0.100000 0.070000
2 0.933333 0.773333 0.113333 0.080000
2 0.055000 0.168333 0.096667 0.063333
2 0.228333 0.126667 0.090000 0.066667
2 0.688333 0.130000 0.090000 0.066667
2 0.115000 0.031667 0.090000 0.056667
2 0.318333 0.630000 0.063333 0.053333
2 0.493333 0.711667 0.073333 0.063333