2 0.070000 0.493333 0.066667 0.113333
2 0.268333 0.808333 0.096667 0.110000
2 0.285000 0.625000 0.090000 0.090000
2 0.283333 0.495000 0.093333 0.096667
2 0.271667 0.345000 0.050000 0.050000
2 0.375000 0.385000 0.083333 0.090000
2 0.446667 0.448333 0.080000 0.063333
2 0.666667 0.313333 0.106667 0.133333
2 0.646667 0.708333 0.060000 0.090000
2 0.645000 0.853333 0.070000 0.086667
2 0.440000 0.803333 0.066667 0.080000
2 0.430000 0.726667 0.093333 0.100000
2 0.526667 0.485000 0.106667 0.156667
2 0.836667 0.563333 0.080000 0.100000
2 0.790000 0.790000 0.040000 0.040000
2 0.950000 0.271667 0.060000 0.116667
2 0.760000 0.093333 0.086667 0.113333
2 0.791667 0.188333 0.050000 0.050000
2 0.895000 0.295000 0.050000 0.056667
2 0.381667 0.071667 0.083333 0.116667
2 0.243333 0.128333 0.080000 0.083333
2 0.215000 0.083333 0.036667 0.033333
2 0.110000 0.076667 0.053333 0.106667
2 0.141667 0.108333 0.030000 0.036667
2 0.450000 0.060000 0.033333 0.040000
2 0.525000 0.041667 0.083333 0.076667
2 0.301667 0.033333 0.083333 0.060000
2 0.936667 0.041667 0.046667 0.050000
2 0.511667 0.876667 0.063333 0.060000
2 0.308333 0.988333 0.050000 0.023333
2 0.466667 0.981667 0.060000 0.036667
2 0.493333 0.340000 0.040000 0.046667
2 0.543333 0.333333 0.053333 0.046667
2 0.743333 0.541667 0.046667 0.036667
2 0.710000 0.643333 0.046667 0.040000
2 0.966667 0.538333 0.033333 0.050000
2 0.786667 0.831667 0.040000 0.036667
2 0.933333 0.845000 0.040000 0.056667
2 0.886667 0.830000 0.053333 0.053333