2 0.281667 0.443333 0.123333 0.066667
2 0.145000 0.426667 0.070000 0.060000
2 0.563333 0.140000 0.086667 0.066667
2 0.281667 0.803333 0.110000 0.053333
2 0.610000 0.641667 0.073333 0.050000
2 0.598333 0.763333 0.090000 0.066667
2 0.305000 0.276667 0.036667 0.033333
2 0.310000 0.206667 0.073333 0.040000
2 0.613333 0.325000 0.066667 0.043333
2 0.585000 0.488333 0.050000 0.036667
2 0.531667 0.395000 0.056667 0.050000
2 0.665000 0.908333 0.050000 0.036667
2 0.598333 0.926667 0.063333 0.046667
2 0.198333 0.481667 0.063333 0.036667