2 0.695000 0.450000 0.110000 0.060000
2 0.350000 0.565000 0.100000 0.070000
2 0.303333 0.668333 0.100000 0.050000
2 0.345000 0.636667 0.076667 0.040000
2 0.078333 0.863333 0.096667 0.060000
2 0.320000 0.863333 0.080000 0.046667
2 0.426667 0.835000 0.093333 0.063333
2 0.373333 0.971667 0.060000 0.036667
2 0.540000 0.378333 0.113333 0.063333
2 0.643333 0.355000 0.053333 0.036667
2 0.646667 0.150000 0.080000 0.046667
2 0.920000 0.266667 0.060000 0.053333
2 0.526667 0.938333 0.080000 0.063333
2 0.025000 0.560000 0.043333 0.073333
2 0.186667 0.253333 0.073333 0.040000
2 0.236667 0.173333 0.066667 0.046667
2 0.351667 0.201667 0.056667 0.036667
2 0.151667 0.493333 0.063333 0.040000
2 0.495000 0.643333 0.063333 0.040000
2 0.181667 0.791667 0.076667 0.050000
2 0.721667 0.763333 0.063333 0.053333
2 0.880000 0.583333 0.093333 0.066667
2 0.725000 0.900000 0.050000 0.040000
2 0.620000 0.990000 0.046667 0.020000
2 0.621667 0.806667 0.050000 0.040000
2 0.320000 0.908333 0.100000 0.050000
2 0.651667 0.041667 0.056667 0.043333