2 0.200000 0.586667 0.133333 0.093333
2 0.298333 0.233333 0.170000 0.133333
2 0.625000 0.376667 0.143333 0.093333
2 0.110000 0.271667 0.126667 0.110000
2 0.038333 0.398333 0.070000 0.116667
2 0.138333 0.166667 0.136667 0.120000
2 0.240000 0.115000 0.120000 0.096667
2 0.815000 0.073333 0.256667 0.140000
2 0.541667 0.506667 0.090000 0.066667
2 0.495000 0.575000 0.083333 0.063333
2 0.270000 0.805000 0.126667 0.063333
2 0.738333 0.653333 0.123333 0.080000
2 0.471667 0.810000 0.170000 0.080000
2 0.691667 0.263333 0.030000 0.033333
2 0.426667 0.400000 0.046667 0.033333
2 0.295000 0.598333 0.043333 0.036667
2 0.428333 0.615000 0.043333 0.030000
2 0.105000 0.608333 0.036667 0.030000
2 0.158333 0.648333 0.036667 0.030000