2 0.370000 0.616667 0.120000 0.073333
2 0.683333 0.770000 0.160000 0.113333
2 0.801667 0.411667 0.143333 0.083333
2 0.725000 0.196667 0.123333 0.066667
2 0.888333 0.728333 0.110000 0.096667
2 0.851667 0.838333 0.123333 0.116667
2 0.760000 0.880000 0.100000 0.086667
2 0.965000 0.610000 0.070000 0.080000
2 0.173333 0.908333 0.180000 0.116667
2 0.310000 0.731667 0.060000 0.036667
2 0.571667 0.601667 0.043333 0.043333
2 0.546667 0.560000 0.026667 0.033333
2 0.573333 0.388333 0.033333 0.036667
2 0.508333 0.426667 0.083333 0.053333
2 0.458333 0.486667 0.103333 0.066667
2 0.265000 0.345000 0.136667 0.063333
2 0.528333 0.186667 0.170000 0.073333
2 0.438333 0.226667 0.076667 0.060000
2 0.531667 0.123333 0.116667 0.060000
2 0.908333 0.561667 0.070000 0.056667