2 0.286667 0.330000 0.253333 0.153333
2 0.336667 0.271667 0.060000 0.036667
2 0.220000 0.605000 0.073333 0.070000
2 0.438333 0.761667 0.096667 0.070000
2 0.308333 0.866667 0.063333 0.040000
2 0.621667 0.515000 0.110000 0.103333
2 0.618333 0.705000 0.130000 0.096667
2 0.773333 0.866667 0.073333 0.046667
2 0.943333 0.823333 0.073333 0.046667
2 0.888333 0.975000 0.110000 0.050000
2 0.073333 0.228333 0.093333 0.050000
2 0.351667 0.036667 0.103333 0.060000
2 0.946667 0.363333 0.060000 0.053333
2 0.686667 0.371667 0.033333 0.030000
2 0.503333 0.286667 0.053333 0.040000
2 0.601667 0.221667 0.063333 0.043333
2 0.363333 0.498333 0.266667 0.170000