2 0.338333 0.518333 0.150000 0.076667
2 0.183333 0.346667 0.120000 0.066667
2 0.318333 0.450000 0.110000 0.093333
2 0.481667 0.808333 0.123333 0.063333
2 0.388333 0.883333 0.096667 0.046667
2 0.575000 0.855000 0.116667 0.063333
2 0.646667 0.903333 0.073333 0.046667
2 0.500000 0.718333 0.073333 0.043333
2 0.551667 0.741667 0.056667 0.030000
2 0.636667 0.623333 0.100000 0.046667
2 0.741667 0.618333 0.103333 0.050000
2 0.470000 0.538333 0.086667 0.043333
2 0.540000 0.461667 0.146667 0.076667
2 0.480000 0.380000 0.126667 0.066667
2 0.590000 0.416667 0.053333 0.033333
2 0.533333 0.326667 0.140000 0.073333
2 0.465000 0.590000 0.070000 0.046667
2 0.591667 0.591667 0.083333 0.043333
2 0.698333 0.693333 0.090000 0.060000
2 0.793333 0.811667 0.086667 0.056667
2 0.838333 0.871667 0.130000 0.090000
2 0.761667 0.890000 0.050000 0.040000
2 0.920000 0.783333 0.066667 0.040000
2 0.913333 0.840000 0.066667 0.053333
2 0.825000 0.636667 0.050000 0.033333
2 0.878333 0.690000 0.070000 0.040000
2 0.815000 0.981667 0.070000 0.036667
2 0.435000 0.945000 0.103333 0.070000
2 0.458333 0.983333 0.050000 0.033333
2 0.363333 0.258333 0.100000 0.063333
2 0.225000 0.225000 0.103333 0.063333
2 0.125000 0.145000 0.096667 0.070000
2 0.068333 0.165000 0.063333 0.063333
2 0.213333 0.125000 0.080000 0.043333
2 0.340000 0.110000 0.060000 0.040000
2 0.423333 0.103333 0.113333 0.053333
2 0.553333 0.181667 0.073333 0.036667
2 0.133333 0.013333 0.133333 0.020000
2 0.943333 0.263333 0.060000 0.060000
2 0.878333 0.480000 0.076667 0.053333
2 0.630000 0.118333 0.053333 0.043333
2 0.640000 0.155000 0.040000 0.043333
2 0.090000 0.306667 0.066667 0.053333
2 0.313333 0.601667 0.086667 0.063333
2 0.630000 0.258333 0.060000 0.043333
2 0.505000 0.223333 0.070000 0.040000
2 0.218333 0.695000 0.056667 0.036667
2 0.241667 0.731667 0.070000 0.050000
2 0.245000 0.771667 0.116667 0.043333
2 0.255000 0.808333 0.070000 0.050000
2 0.981667 0.720000 0.036667 0.060000
2 0.970000 0.900000 0.046667 0.053333
2 0.943333 0.921667 0.040000 0.036667