2 0.455000 0.185000 0.036667 0.036667
2 0.496667 0.265000 0.033333 0.030000
2 0.606667 0.288333 0.026667 0.023333
2 0.555000 0.273333 0.023333 0.020000
2 0.701667 0.318333 0.030000 0.023333
2 0.753333 0.411667 0.033333 0.030000
2 0.821667 0.395000 0.036667 0.036667
2 0.793333 0.483333 0.053333 0.046667
2 0.798333 0.676667 0.036667 0.046667
2 0.798333 0.533333 0.043333 0.033333
2 0.623333 0.395000 0.033333 0.036667
2 0.646667 0.410000 0.033333 0.033333
2 0.698333 0.600000 0.036667 0.033333
2 0.688333 0.666667 0.036667 0.033333
2 0.750000 0.570000 0.033333 0.033333
2 0.821667 0.728333 0.030000 0.030000